$ANSIBLE_VAULT;1.1;AES256
31376362613061313235343437323961393032353137316533313031383531656336333566386363
3437343934353134386361346136313931623766663430630a613537323865393164333862323765
30616162353530643830376363303438316538323337616466383262383165303638656663643437
3664653233356464390a373566313131663063313838343638613235353530336530306532323831
36666164326539643238663939643233393432646434393930343366623632306239353736656362
65363635333566633633393235633837613237363163356230656635623165373139373533353530
63366334356361363261323034346665373731393038393166383238323661353835636533363538
31613265663339353765353562633538363235336430333337373236386465333364343732626539
33333132656432393466386563636361343635623662346635626665383736353664333863386633
39343735396264643830376363343135356239653639666331323063356138393065663632623664
62386333346235376332663138346131643963356636353838366263343939303136373062386333
62353139313134343263356663636432663062316139616366333339643961346461316434326332
37303036666161613562306138393231316436393434373735363336333730633934343639633064
64346565663032383864313563313336363162636135356164326439363431393431353136393530
31663130643363643263626364616262636162383035666362343439666562366230613930616636
30626430383561636330306237383633316265623035353030333633376230626366653336363833
65393738316638306436663739333963653831356133666536353332633331326631373830633934
64356635393065346632623234343938623563633139363065613532636566393637313232663136
36393539326639383431373930666635633236623432306338386632663332363866383130383532
38616236366137383561666637366633656436303431633965383830333137393534353566303564
33383463346539616137636439633135616634616339376662383037333539623330333666326335
30323934356233623334373662326264613633636536373436363337663863336338626361313739
32626136336364633033633564313164313632393264383832356336636561326333333434616231
34623632366338386465
