$ANSIBLE_VAULT;1.1;AES256
30613262346563613861363162663334613630666364626335303338373561613162323462643363
3137323439326336346362653330616564353131623963380a613933643233663039373064373866
35616235346230336335346139633037363030323566373661336563653565323036393537343065
3930353261353734320a356137363761663437383430396266666563336563666361636165663132
62646634336639353334663033383235323937616462636233616430323534366431623565636639
36663134326634653235616131303738666335663562633761666165653363366339303236386337
65323938313335376536396134646462353635353938306366663430393134316536336430373631
39353134346433656464356138393733353237653166373466646537636362353932656433656631
39363530383232663663363533323835646466633361643865366433373635396363623762623430
35623937386432326162346265393335646434623832623166336337376466393133313832303062
64353931613239336263386139613033636635353466346264666662656135653433323435623237
34623637336237366230323434343165626164666664346366343766373637316535396237386365
6531
